0.00000
0.00000
0.00000
0.00000
0.00000
0.00000
0.00000
0.00000
0.00000
0.00000
0.00000
0.00000
0.00000
0.00000
0.00000
0.00000
0.00000
0.00000
0.00000
0.00000
0.00000
0.00000
0.00000
0.00000
0.00000
0.00000
0.00000
0.00000
0.00000
0.00000
0.00000
0.00000
0.00000
0.00000
0.00000
0.00000
0.00000
0.00000
0.00000
0.00000
0.00000
0.00000
0.00000
0.00000
0.00000
0.00000
0.00000
0.00000
0.00000
0.00000
0.00000
0.00000
0.00000
0.00000
0.00000
0.00000
0.00000
0.00000
0.00000
0.00000
0.00000
0.00000
0.00000
0.00000
0.00000
0.00000
0.00000
0.00000
0.00000
0.00000
0.00000
0.00000
0.00000
0.00000
0.00000
0.00000
0.00000
0.00000
0.00000
0.00000
0.00000
0.00000
0.00000
0.00000
0.00000
0.00000
0.00000
0.00000
0.00000
0.00000
0.00000
0.00000
0.00000
0.00000
0.00000
0.00000
0.00000
0.00000
0.00000
0.00000
0.00000
0.00000
0.00000
0.00000
0.00000
0.00000
0.00000
0.00000
0.00000
0.00000
0.00000
0.00000
0.00000
0.00000
0.00000
0.00000
0.00000
0.00000
0.00000
0.00000
0.00000
0.00000
0.00000
0.00000
0.00000
0.00000
0.00000
0.00000
0.00000
0.00000
0.00000
0.00000
0.00000
0.00000
0.00000
0.00000
0.00000
0.00000
0.00000
0.00000
0.00000
0.00000
0.00000
0.00000
0.00000
0.00000
0.00000
0.00000
0.00001
0.00001
0.00001
0.00001
0.00001
0.00001
0.00001
0.00001
0.00002
0.00002
0.00002
0.00002
0.00002
0.00002
0.00003
0.00003
0.00003
0.00003
0.00003
0.00003
0.00003
0.00004
0.00004
0.00004
0.00004
0.00004
0.00004
0.00004
0.00004
0.00004
0.00004
0.00004
0.00005
0.00005
0.00005
0.00005
0.00005
0.00006
0.00006
0.00006
0.00006
0.00006
0.00006
0.00006
0.00007
0.00007
0.00007
0.00007
0.00007
0.00008
0.00008
0.00008
0.00009
0.00009
0.00009
0.00009
0.00009
0.00010
0.00010
0.00010
0.00010
0.00010
0.00010
0.00011
0.00011
0.00011
0.00011
0.00011
0.00011
0.00011
0.00011
0.00011
0.00012
0.00012
0.00012
0.00012
0.00012
0.00013
0.00013
0.00013
0.00014
0.00014
0.00014
0.00014
0.00014
0.00014
0.00014
0.00014
0.00014
0.00015
0.00015
0.00015
0.00015
0.00015
0.00015
0.00016
0.00016
0.00016
0.00016
0.00016
0.00017
0.00017
0.00017
0.00017
0.00017
0.00017
0.00018
0.00018
0.00018
0.00018
0.00019
0.00019
0.00019
0.00019
0.00020
0.00020
0.00020
0.00020
0.00020
0.00020
0.00021
0.00021
0.00021
0.00021
0.00021
0.00021
0.00021
0.00022
0.00022
0.00022
0.00022
0.00022
0.00022
0.00022
0.00022
0.00023
0.00023
0.00023
0.00023
0.00024
0.00024
0.00024
0.00024
0.00024
0.00024
0.00024
0.00025
0.00025
0.00025
0.00025
0.00025
0.00025
0.00026
0.00026
0.00026
0.00026
0.00027
0.00027
0.00027
0.00027
0.00028
0.00028
0.00028
0.00028
0.00028
0.00028
0.00029
0.00029
0.00029
0.00029
0.00029
0.00029
0.00029
0.00029
0.00030
0.00030
0.00030
0.00030
0.00030
0.00031
0.00031
0.00031
0.00032
0.00032
0.00032
0.00033
0.00033
0.00033
0.00033
0.00034
0.00034
0.00034
0.00035
0.00035
0.00035
0.00035
0.00035
0.00035
0.00036
0.00036
0.00036
0.00036
0.00037
0.00037
0.00037
0.00037
0.00037
0.00038
0.00038
0.00038
0.00038
0.00038
0.00039
0.00039
0.00039
0.00039
0.00039
0.00039
0.00039
0.00040
0.00040
0.00040
0.00040
0.00041
0.00041
0.00041
0.00042
0.00042
0.00042
0.00043
0.00043
0.00043
0.00043
0.00043
0.00044
0.00044
0.00044
0.00045
0.00045
0.00045
0.00045
0.00046
0.00046
0.00046
0.00046
0.00046
0.00046
0.00047
0.00047
0.00048
0.00048
0.00048
0.00048
0.00048
0.00048
0.00049
0.00050
0.00050
0.00050
0.00050
0.00051
0.00051
0.00051
0.00051
0.00051
0.00052
0.00052
0.00053
0.00053
0.00053
0.00054
0.00054
0.00054
0.00054
0.00054
0.00055
0.00055
0.00056
0.00056
0.00056
0.00057
0.00057
0.00057
0.00057
0.00058
0.00058
0.00059
0.00059
0.00059
0.00059
0.00060
0.00060
0.00060
0.00060
0.00060
0.00061
0.00061
0.00061
0.00061
0.00061
0.00061
0.00061
0.00061
0.00062
0.00062
0.00062
0.00062
0.00062
0.00062
0.00062
0.00063
0.00063
0.00063
0.00063
0.00063
0.00063
0.00064
0.00064
0.00064
0.00064
0.00065
0.00065
0.00065
0.00066
0.00066
0.00066
0.00067
0.00067
0.00067
0.00067
0.00067
0.00067
0.00069
0.00070
0.00071
0.00071
0.00071
0.00071
0.00071
0.00071
0.00072
0.00072
0.00072
0.00072
0.00073
0.00073
0.00073
0.00073
0.00073
0.00073
0.00074
0.00074
0.00074
0.00074
0.00075
0.00075
0.00075
0.00075
0.00077
0.00077
0.00077
0.00077
0.00077
0.00078
0.00078
0.00078
0.00079
0.00080
0.00080
0.00081
0.00081
0.00082
0.00082
0.00082
0.00083
0.00083
0.00083
0.00083
0.00083
0.00084
0.00084
0.00085
0.00085
0.00085
0.00085
0.00085
0.00085
0.00086
0.00086
0.00086
0.00086
0.00087
0.00087
0.00088
0.00088
0.00088
0.00089
0.00089
0.00089
0.00090
0.00091
0.00091
0.00092
0.00092
0.00092
0.00092
0.00093
0.00093
0.00094
0.00094
0.00094
0.00094
0.00095
0.00095
0.00095
0.00095
0.00096
0.00096
0.00096
0.00096
0.00097
0.00097
0.00097
0.00098
0.00098
0.00098
0.00098
0.00099
0.00099
0.00099
0.00099
0.00099
0.00099
0.00100
0.00100
0.00100
0.00100
0.00101
0.00101
0.00101
0.00101
0.00101
0.00103
0.00103
0.00103
0.00103
0.00103
0.00104
0.00104
0.00104
0.00104
0.00104
0.00104
0.00105
0.00106
0.00106
0.00106
0.00107
0.00107
0.00107
0.00107
0.00107
0.00108
0.00108
0.00108
0.00109
0.00109
0.00109
0.00109
0.00109
0.00109
0.00109
0.00110
0.00110
0.00110
0.00111
0.00111
0.00111
0.00111
0.00112
0.00112
0.00112
0.00113
0.00113
0.00114
0.00115
0.00115
0.00115
0.00115
0.00116
0.00116
0.00116
0.00116
0.00117
0.00118
0.00118
0.00118
0.00118
0.00119
0.00119
0.00119
0.00119
0.00120
0.00120
0.00120
0.00120
0.00120
0.00120
0.00120
0.00120
0.00121
0.00122
0.00122
0.00123
0.00123
0.00123
0.00124
0.00124
0.00124
0.00124
0.00124
0.00125
0.00125
0.00125
0.00125
0.00126
0.00126
0.00127
0.00127
0.00127
0.00128
0.00128
0.00128
0.00128
0.00128
0.00128
0.00129
0.00129
0.00130
0.00130
0.00131
0.00131
0.00131
0.00131
0.00132
0.00132
0.00133
0.00133
0.00133
0.00134
0.00134
0.00134
0.00134
0.00134
0.00134
0.00135
0.00136
0.00136
0.00136
0.00136
0.00136
0.00136
0.00137
0.00137
0.00138
0.00138
0.00139
0.00140
0.00140
0.00140
0.00140
0.00140
0.00141
0.00141
0.00141
0.00141
0.00141
0.00141
0.00142
0.00143
0.00143
0.00143
0.00144
0.00144
0.00144
0.00144
0.00145
0.00145
0.00145
0.00145
0.00145
0.00146
0.00146
0.00146
0.00147
0.00147
0.00147
0.00147
0.00148
0.00148
0.00148
0.00149
0.00149
0.00150
0.00150
0.00150
0.00150
0.00150
0.00150
0.00153
0.00154
0.00155
0.00155
0.00155
0.00156
0.00156
0.00156
0.00156
0.00157
0.00157
0.00157
0.00158
0.00158
0.00158
0.00158
0.00158
0.00158
0.00158
0.00159
0.00159
0.00159
0.00159
0.00160
0.00160
0.00160
0.00161
0.00161
0.00161
0.00161
0.00161
0.00161
0.00161
0.00162
0.00162
0.00162
0.00162
0.00162
0.00163
0.00163
0.00164
0.00164
0.00164
0.00164
0.00164
0.00164
0.00164
0.00165
0.00165
0.00165
0.00165
0.00166
0.00166
0.00166
0.00167
0.00168
0.00168
0.00169
0.00169
0.00169
0.00169
0.00169
0.00169
0.00169
0.00170
0.00170
0.00171
0.00171
0.00171
0.00171
0.00171
0.00172
0.00172
0.00172
0.00172
0.00173
0.00173
0.00173
0.00173
0.00173
0.00174
0.00174
0.00174
0.00174
0.00175
0.00175
0.00175
0.00175
0.00176
0.00176
0.00176
0.00176
0.00176
0.00176
0.00177
0.00177
0.00177
0.00177
0.00177
0.00178
0.00178
0.00178
0.00178
0.00179
0.00179
0.00179
0.00179
0.00180
0.00180
0.00180
0.00180
0.00180
0.00181
0.00181
0.00182
0.00183
0.00183
0.00183
0.00183
0.00184
0.00184
0.00184
0.00184
0.00185
0.00185
0.00185
0.00185
0.00185
0.00187
0.00187
0.00188
0.00188
0.00188
0.00188
0.00189
0.00189
0.00189
0.00190
0.00190
0.00191
0.00191
0.00191
0.00192
0.00193
0.00193
0.00193
0.00193
0.00193
0.00193
0.00195
0.00196
0.00196
0.00196
0.00196
0.00197
0.00197
0.00197
0.00198
0.00198
0.00199
0.00199
0.00199
0.00200
0.00200
0.00200
0.00200
0.00201
0.00201
0.00201
0.00202
0.00202
0.00202
0.00203
0.00203
0.00204
0.00204
0.00205
0.00205
0.00206
0.00206
0.00206
0.00206
0.00206
0.00207
0.00209
0.00209
0.00210
0.00210
0.00210
0.00210
0.00211
0.00211
0.00211
0.00211
0.00212
0.00212
0.00212
0.00213
0.00213
0.00213
0.00214
0.00214
0.00214
0.00214
0.00214
0.00215
0.00215
0.00216
0.00216
0.00216
0.00216
0.00216
0.00217
0.00217
0.00217
0.00217
0.00218
0.00218
0.00219
0.00219
0.00219
0.00220
0.00221
0.00221
0.00222
0.00222
0.00224
0.00224
0.00224
0.00225
0.00225
0.00225
0.00225
0.00226
0.00226
0.00226
0.00226
0.00227
0.00227
0.00227
0.00227
0.00227
0.00227
0.00228
0.00228
0.00228
0.00229
0.00229
0.00229
0.00229
0.00231
0.00232
0.00232
0.00232
0.00232
0.00233
0.00234
0.00234
0.00234
0.00234
0.00235
0.00235
0.00235
0.00236
0.00236
0.00236
0.00237
0.00237
0.00237
0.00237
0.00237
0.00237
0.00237
0.00239
0.00239
0.00240
0.00240
0.00240
0.00241
0.00241
0.00242
0.00242
0.00243
0.00243
0.00244
0.00244
0.00246
0.00246
0.00246
0.00247
0.00247
0.00247
0.00247
0.00248
0.00248
0.00248
0.00249
0.00249
0.00249
0.00250
0.00250
0.00250
0.00251
0.00251
0.00252
0.00252
0.00252
0.00253
0.00253
0.00253
0.00253
0.00254
0.00255
0.00255
0.00255
0.00255
0.00256
0.00256
0.00256
0.00256
0.00257
0.00257
0.00257
0.00257
0.00257
0.00258
0.00258
0.00258
0.00258
0.00258
0.00259
0.00259
0.00259
0.00259
0.00260
0.00260
0.00261
0.00261
0.00261
0.00261
0.00262
0.00263
0.00264
0.00265
0.00265
0.00265
0.00265
0.00265
0.00265
0.00265
0.00265
0.00265
0.00265
0.00266
0.00266
0.00267
0.00267
0.00267
0.00267
0.00267
0.00267
0.00268
0.00268
0.00268
0.00270
0.00270
0.00271
0.00271
0.00271
0.00271
0.00272
0.00273
0.00273
0.00274
0.00274
0.00274
0.00274
0.00275
0.00275
0.00275
0.00276
0.00276
0.00276
0.00276
0.00277
0.00278
0.00278
0.00278
0.00279
0.00279
0.00279
0.00279
0.00279
0.00279
0.00279
0.00280
0.00280
0.00281
0.00281
0.00281
0.00282
0.00282
0.00283
0.00283
0.00284
0.00284
0.00285
0.00285
0.00285
0.00286
0.00286
0.00286
0.00287
0.00288
0.00289
0.00289
0.00290
0.00290
0.00290
0.00290
0.00290
0.00291
0.00292
0.00292
0.00292
0.00293
0.00293
0.00294
0.00294
0.00294
0.00295
0.00295
0.00295
0.00296
0.00296
0.00296
0.00297
0.00297
0.00297
0.00297
0.00298
0.00299
0.00299
0.00299
0.00299
0.00299
0.00300
0.00301
0.00301
0.00302
0.00302
0.00302
0.00303
0.00303
0.00304
0.00304
0.00305
0.00305
0.00305
0.00305
0.00306
0.00307
0.00307
0.00307
0.00308
0.00308
0.00308
0.00309
0.00310
0.00311
0.00311
0.00311
0.00312
0.00312
0.00312
0.00312
0.00312
0.00312
0.00312
0.00312
0.00314
0.00315
0.00315
0.00317
0.00318
0.00318
0.00320
0.00320
0.00322
0.00322
0.00323
0.00324
0.00324
0.00324
0.00324
0.00325
0.00325
0.00325
0.00325
0.00325
0.00326
0.00326
0.00327
0.00327
0.00328
0.00328
0.00329
0.00329
0.00330
0.00330
0.00331
0.00331
0.00331
0.00332
0.00332
0.00332
0.00333
0.00333
0.00333
0.00333
0.00334
0.00334
0.00334
0.00335
0.00336
0.00336
0.00336
0.00336
0.00337
0.00339
0.00340
0.00340
0.00341
0.00342
0.00342
0.00343
0.00343
0.00343
0.00343
0.00343
0.00344
0.00344
0.00344
0.00344
0.00345
0.00345
0.00345
0.00345
0.00345
0.00345
0.00346
0.00346
0.00347
0.00348
0.00348
0.00348
0.00348
0.00350
0.00350
0.00350
0.00351
0.00352
0.00352
0.00352
0.00352
0.00352
0.00353
0.00353
0.00353
0.00353
0.00354
0.00355
0.00355
0.00356
0.00357
0.00357
0.00357
0.00358
0.00358
0.00358
0.00359
0.00359
0.00360
0.00360
0.00360
0.00361
0.00361
0.00361
0.00362
0.00363
0.00363
0.00363
0.00364
0.00364
0.00365
0.00365
0.00366
0.00368
0.00369
0.00369
0.00369
0.00371
0.00371
0.00371
0.00372
0.00373
0.00373
0.00373
0.00374
0.00375
0.00375
0.00375
0.00375
0.00375
0.00375
0.00376
0.00377
0.00377
0.00377
0.00377
0.00377
0.00377
0.00377
0.00377
0.00377
0.00378
0.00378
0.00379
0.00379
0.00379
0.00379
0.00379
0.00380
0.00381
0.00381
0.00381
0.00381
0.00382
0.00382
0.00383
0.00383
0.00384
0.00384
0.00384
0.00384
0.00385
0.00385
0.00385
0.00385
0.00386
0.00386
0.00386
0.00386
0.00387
0.00387
0.00388
0.00389
0.00390
0.00390
0.00390
0.00391
0.00391
0.00392
0.00392
0.00393
0.00393
0.00394
0.00394
0.00394
0.00395
0.00395
0.00395
0.00395
0.00396
0.00397
0.00397
0.00397
0.00397
0.00398
0.00398
0.00398
0.00399
0.00399
0.00400
0.00401
0.00401
0.00401
0.00401
0.00402
0.00402
0.00403
0.00403
0.00404
0.00404
0.00405
0.00405
0.00406
0.00406
0.00407
0.00407
0.00407
0.00408
0.00408
0.00409
0.00410
0.00412
0.00412
0.00412
0.00412
0.00414
0.00414
0.00414
0.00415
0.00415
0.00415
0.00415
0.00416
0.00416
0.00416
0.00418
0.00418
0.00418
0.00419
0.00421
0.00421
0.00422
0.00423
0.00423
0.00423
0.00423
0.00424
0.00424
0.00425
0.00425
0.00425
0.00425
0.00426
0.00426
0.00426
0.00427
0.00427
0.00428
0.00428
0.00428
0.00428
0.00429
0.00429
0.00429
0.00429
0.00430
0.00431
0.00432
0.00432
0.00432
0.00433
0.00433
0.00433
0.00434
0.00434
0.00434
0.00435
0.00435
0.00435
0.00436
0.00436
0.00437
0.00437
0.00438
0.00438
0.00439
0.00439
0.00439
0.00439
0.00439
0.00440
0.00441
0.00441
0.00441
0.00443
0.00443
0.00444
0.00444
0.00444
0.00444
0.00445
0.00446
0.00446
0.00447
0.00447
0.00448
0.00448
0.00448
0.00449
0.00449
0.00449
0.00449
0.00450
0.00451
0.00451
0.00451
0.00452
0.00455
0.00455
0.00455
0.00456
0.00456
0.00457
0.00459
0.00459
0.00459
0.00460
0.00461
0.00461
0.00462
0.00463
0.00465
0.00465
0.00466
0.00467
0.00467
0.00467
0.00468
0.00468
0.00468
0.00468
0.00468
0.00469
0.00469
0.00469
0.00469
0.00471
0.00471
0.00472
0.00472
0.00472
0.00473
0.00474
0.00474
0.00475
0.00475
0.00475
0.00476
0.00476
0.00476
0.00476
0.00476
0.00477
0.00477
0.00477
0.00477
0.00477
0.00477
0.00477
0.00477
0.00478
0.00478
0.00478
0.00478
0.00479
0.00479
0.00480
0.00480
0.00480
0.00481
0.00482
0.00482
0.00482
0.00483
0.00484
0.00484
0.00484
0.00485
0.00486
0.00486
0.00486
0.00486
0.00487
0.00487
0.00488
0.00488
0.00488
0.00489
0.00489
0.00490
0.00490
0.00490
0.00492
0.00492
0.00493
0.00493
0.00494
0.00494
0.00495
0.00495
0.00495
0.00497
0.00497
0.00498
0.00499
0.00499
0.00500
0.00500
0.00501
0.00501
0.00502
0.00502
0.00502
0.00504
0.00504
0.00505
0.00505
0.00505
0.00506
0.00506
0.00506
0.00506
0.00506
0.00507
0.00507
0.00507
0.00508
0.00509
0.00509
0.00509
0.00510
0.00510
0.00510
0.00510
0.00511
0.00511
0.00512
0.00514
0.00515
0.00515
0.00516
0.00516
0.00516
0.00516
0.00517
0.00517
0.00519
0.00519
0.00519
0.00520
0.00520
0.00521
0.00522
0.00522
0.00522
0.00523
0.00523
0.00524
0.00524
0.00526
0.00526
0.00526
0.00527
0.00527
0.00527
0.00528
0.00528
0.00529
0.00529
0.00529
0.00529
0.00530
0.00532
0.00532
0.00532
0.00533
0.00533
0.00534
0.00534
0.00534
0.00534
0.00534
0.00535
0.00535
0.00535
0.00536
0.00536
0.00536
0.00536
0.00537
0.00537
0.00538
0.00538
0.00538
0.00538
0.00539
0.00539
0.00539
0.00539
0.00540
0.00540
0.00541
0.00542
0.00542
0.00542
0.00542
0.00543
0.00543
0.00544
0.00544
0.00544
0.00544
0.00544
0.00547
0.00547
0.00547
0.00550
0.00550
0.00550
0.00551
0.00551
0.00552
0.00552
0.00553
0.00553
0.00554
0.00554
0.00554
0.00555
0.00555
0.00555
0.00555
0.00556
0.00558
0.00558
0.00559
0.00560
0.00560
0.00561
0.00561
0.00561
0.00561
0.00562
0.00562
0.00563
0.00563
0.00563
0.00564
0.00564
0.00564
0.00565
0.00565
0.00565
0.00566
0.00566
0.00566
0.00567
0.00567
0.00567
0.00568
0.00569
0.00569
0.00569
0.00570
0.00571
0.00571
0.00572
0.00572
0.00573
0.00573
0.00573
0.00574
0.00575
0.00576
0.00577
0.00577
0.00577
0.00578
0.00578
0.00578
0.00581
0.00581
0.00581
0.00581
0.00584
0.00584
0.00584
0.00585
0.00585
0.00585
0.00585
0.00588
0.00588
0.00590
0.00590
0.00590
0.00591
0.00591
0.00593
0.00594
0.00594
0.00595
0.00598
0.00599
0.00600
0.00601
0.00602
0.00602
0.00602
0.00602
0.00602
0.00602
0.00602
0.00603
0.00604
0.00604
0.00604
0.00604
0.00605
0.00605
0.00605
0.00606
0.00606
0.00608
0.00608
0.00609
0.00609
0.00610
0.00610
0.00610
0.00610
0.00610
0.00610
0.00611
0.00612
0.00612
0.00613
0.00613
0.00614
0.00614
0.00615
0.00615
0.00616
0.00618
0.00619
0.00619
0.00620
0.00621
0.00623
0.00624
0.00624
0.00624
0.00624
0.00625
0.00625
0.00626
0.00626
0.00627
0.00628
0.00628
0.00629
0.00629
0.00629
0.00629
0.00630
0.00631
0.00631
0.00632
0.00632
0.00632
0.00633
0.00634
0.00635
0.00635
0.00635
0.00636
0.00636
0.00637
0.00637
0.00637
0.00637
0.00638
0.00641
0.00642
0.00642
0.00642
0.00643
0.00643
0.00643
0.00643
0.00643
0.00646
0.00648
0.00649
0.00652
0.00653
0.00653
0.00654
0.00654
0.00655
0.00655
0.00655
0.00656
0.00656
0.00656
0.00656
0.00657
0.00657
0.00658
0.00658
0.00658
0.00658
0.00659
0.00660
0.00660
0.00661
0.00661
0.00661
0.00662
0.00662
0.00663
0.00663
0.00664
0.00667
0.00667
0.00667
0.00667
0.00668
0.00668
0.00668
0.00668
0.00670
0.00671
0.00671
0.00672
0.00672
0.00673
0.00673
0.00674
0.00674
0.00674
0.00675
0.00675
0.00675
0.00676
0.00676
0.00676
0.00678
0.00679
0.00679
0.00682
0.00683
0.00683
0.00684
0.00684
0.00685
0.00686
0.00686
0.00686
0.00687
0.00688
0.00688
0.00688
0.00688
0.00689
0.00690
0.00690
0.00690
0.00690
0.00691
0.00691
0.00691
0.00692
0.00693
0.00694
0.00695
0.00695
0.00695
0.00696
0.00696
0.00696
0.00696
0.00697
0.00698
0.00699
0.00700
0.00700
0.00700
0.00702
0.00702
0.00702
0.00703
0.00703
0.00704
0.00704
0.00705
0.00705
0.00706
0.00706
0.00707
0.00707
0.00708
0.00710
0.00710
0.00710
0.00710
0.00711
0.00711
0.00712
0.00713
0.00714
0.00714
0.00714
0.00716
0.00716
0.00717
0.00717
0.00719
0.00720
0.00721
0.00721
0.00721
0.00722
0.00724
0.00724
0.00725
0.00725
0.00726
0.00726
0.00728
0.00728
0.00728
0.00728
0.00729
0.00730
0.00730
0.00731
0.00731
0.00732
0.00733
0.00733
0.00734
0.00735
0.00736
0.00738
0.00738
0.00738
0.00738
0.00738
0.00739
0.00740
0.00740
0.00741
0.00741
0.00742
0.00743
0.00744
0.00745
0.00746
0.00746
0.00746
0.00746
0.00747
0.00747
0.00747
0.00747
0.00747
0.00747
0.00748
0.00748
0.00749
0.00749
0.00751
0.00751
0.00752
0.00752
0.00753
0.00753
0.00753
0.00754
0.00754
0.00754
0.00756
0.00757
0.00758
0.00759
0.00760
0.00761
0.00761
0.00761
0.00761
0.00761
0.00762
0.00763
0.00763
0.00764
0.00765
0.00765
0.00765
0.00766
0.00766
0.00767
0.00768
0.00769
0.00772
0.00774
0.00775
0.00776
0.00776
0.00776
0.00777
0.00778
0.00778
0.00779
0.00779
0.00780
0.00780
0.00780
0.00782
0.00782
0.00782
0.00783
0.00783
0.00784
0.00784
0.00784
0.00784
0.00784
0.00785
0.00785
0.00785
0.00786
0.00787
0.00788
0.00788
0.00788
0.00788
0.00788
0.00788
0.00789
0.00789
0.00789
0.00789
0.00790
0.00790
0.00790
0.00791
0.00791
0.00793
0.00794
0.00794
0.00796
0.00796
0.00797
0.00797
0.00797
0.00797
0.00798
0.00800
0.00801
0.00801
0.00803
0.00803
0.00803
0.00804
0.00804
0.00804
0.00805
0.00807
0.00807
0.00808
0.00809
0.00809
0.00810
0.00811
0.00813
0.00813
0.00813
0.00815
0.00816
0.00816
0.00817
0.00818
0.00820
0.00822
0.00822
0.00823
0.00823
0.00824
0.00824
0.00825
0.00826
0.00826
0.00826
0.00826
0.00827
0.00828
0.00828
0.00828
0.00830
0.00830
0.00831
0.00831
0.00832
0.00832
0.00833
0.00833
0.00834
0.00834
0.00834
0.00834
0.00834
0.00837
0.00837
0.00837
0.00838
0.00838
0.00840
0.00843
0.00844
0.00844
0.00845
0.00845
0.00846
0.00846
0.00846
0.00846
0.00846
0.00846
0.00846
0.00848
0.00848
0.00848
0.00848
0.00849
0.00849
0.00850
0.00850
0.00852
0.00853
0.00853
0.00853
0.00855
0.00856
0.00856
0.00857
0.00857
0.00857
0.00857
0.00858
0.00859
0.00860
0.00861
0.00861
0.00862
0.00864
0.00864
0.00866
0.00866
0.00867
0.00867
0.00870
0.00870
0.00871
0.00872
0.00872
0.00872
0.00874
0.00874
0.00875
0.00877
0.00877
0.00878
0.00878
0.00880
0.00880
0.00881
0.00882
0.00882
0.00884
0.00885
0.00887
0.00888
0.00889
0.00889
0.00890
0.00890
0.00891
0.00893
0.00893
0.00894
0.00895
0.00897
0.00897
0.00898
0.00898
0.00903
0.00903
0.00903
0.00904
0.00904
0.00905
0.00907
0.00908
0.00908
0.00909
0.00910
0.00910
0.00914
0.00914
0.00915
0.00916
0.00916
0.00917
0.00917
0.00918
0.00918
0.00919
0.00919
0.00921
0.00921
0.00923
0.00923
0.00924
0.00924
0.00927
0.00927
0.00928
0.00928
0.00932
0.00934
0.00935
0.00936
0.00936
0.00937
0.00938
0.00941
0.00942
0.00943
0.00943
0.00943
0.00945
0.00945
0.00945
0.00947
0.00949
0.00950
0.00950
0.00950
0.00951
0.00951
0.00952
0.00953
0.00953
0.00956
0.00956
0.00956
0.00957
0.00957
0.00957
0.00957
0.00958
0.00959
0.00959
0.00959
0.00959
0.00960
0.00960
0.00961
0.00961
0.00962
0.00963
0.00963
0.00965
0.00965
0.00967
0.00967
0.00968
0.00968
0.00968
0.00968
0.00969
0.00971
0.00972
0.00972
0.00972
0.00972
0.00972
0.00973
0.00973
0.00973
0.00973
0.00974
0.00975
0.00976
0.00977
0.00977
0.00977
0.00978
0.00978
0.00978
0.00979
0.00979
0.00979
0.00980
0.00980
0.00982
0.00982
0.00982
0.00983
0.00983
0.00985
0.00986
0.00986
0.00987
0.00988
0.00988
0.00988
0.00990
0.00990
0.00990
0.00990
0.00990
0.00990
0.00993
0.00993
0.00994
0.00996
0.00996
0.00997
0.00998
0.01002
0.01005
0.01006
0.01008
0.01008
0.01009
0.01009
0.01009
0.01012
0.01014
0.01015
0.01015
0.01015
0.01016
0.01018
0.01019
0.01020
0.01021
0.01021
0.01022
0.01022
0.01023
0.01023
0.01026
0.01027
0.01030
0.01030
0.01031
0.01033
0.01034
0.01035
0.01037
0.01037
0.01038
0.01038
0.01040
0.01041
0.01041
0.01041
0.01042
0.01044
0.01045
0.01047
0.01047
0.01050
0.01050
0.01050
0.01051
0.01051
0.01055
0.01055
0.01057
0.01058
0.01060
0.01060
0.01062
0.01064
0.01065
0.01066
0.01067
0.01069
0.01069
0.01070
0.01071
0.01071
0.01072
0.01073
0.01073
0.01074
0.01076
0.01076
0.01077
0.01080
0.01080
0.01082
0.01082
0.01082
0.01083
0.01083
0.01085
0.01086
0.01086
0.01086
0.01086
0.01087
0.01088
0.01089
0.01089
0.01090
0.01093
0.01093
0.01094
0.01094
0.01095
0.01095
0.01096
0.01096
0.01098
0.01098
0.01099
0.01099
0.01100
0.01101
0.01101
0.01102
0.01103
0.01104
0.01104
0.01104
0.01104
0.01105
0.01105
0.01106
0.01106
0.01106
0.01107
0.01108
0.01109
0.01109
0.01109
0.01110
0.01110
0.01110
0.01111
0.01111
0.01111
0.01112
0.01112
0.01113
0.01113
0.01114
0.01114
0.01115
0.01115
0.01115
0.01116
0.01116
0.01116
0.01116
0.01117
0.01117
0.01118
0.01118
0.01119
0.01123
0.01123
0.01124
0.01125
0.01125
0.01125
0.01126
0.01126
0.01129
0.01130
0.01131
0.01132
0.01133
0.01135
0.01135
0.01135
0.01136
0.01136
0.01137
0.01137
0.01139
0.01139
0.01141
0.01143
0.01143
0.01144
0.01144
0.01145
0.01148
0.01149
0.01149
0.01150
0.01152
0.01152
0.01154
0.01154
0.01154
0.01155
0.01156
0.01156
0.01156
0.01156
0.01156
0.01157
0.01157
0.01158
0.01158
0.01158
0.01159
0.01159
0.01160
0.01160
0.01161
0.01161
0.01162
0.01164
0.01165
0.01166
0.01167
0.01167
0.01167
0.01169
0.01171
0.01173
0.01173
0.01174
0.01175
0.01176
0.01177
0.01177
0.01178
0.01180
0.01182
0.01182
0.01184
0.01184
0.01184
0.01185
0.01185
0.01187
0.01187
0.01188
0.01188
0.01189
0.01189
0.01189
0.01190
0.01192
0.01193
0.01195
0.01198
0.01198
0.01199
0.01199
0.01200
0.01200
0.01200
0.01201
0.01202
0.01202
0.01202
0.01203
0.01203
0.01204
0.01204
0.01204
0.01205
0.01205
0.01205
0.01206
0.01208
0.01208
0.01208
0.01209
0.01210
0.01210
0.01211
0.01211
0.01212
0.01212
0.01212
0.01213
0.01214
0.01215
0.01215
0.01215
0.01217
0.01217
0.01218
0.01218
0.01218
0.01219
0.01220
0.01221
0.01221
0.01221
0.01221
0.01222
0.01223
0.01225
0.01227
0.01229
0.01231
0.01232
0.01232
0.01233
0.01233
0.01235
0.01236
0.01236
0.01236
0.01237
0.01238
0.01239
0.01239
0.01240
0.01240
0.01241
0.01242
0.01242
0.01242
0.01243
0.01244
0.01244
0.01245
0.01246
0.01247
0.01248
0.01250
0.01250
0.01252
0.01253
0.01255
0.01257
0.01261
0.01263
0.01263
0.01263
0.01265
0.01265
0.01265
0.01266
0.01266
0.01267
0.01267
0.01267
0.01268
0.01269
0.01270
0.01270
0.01271
0.01271
0.01272
0.01272
0.01273
0.01273
0.01274
0.01274
0.01274
0.01275
0.01275
0.01275
0.01275
0.01276
0.01277
0.01277
0.01277
0.01278
0.01279
0.01279
0.01280
0.01281
0.01281
0.01281
0.01282
0.01282
0.01282
0.01283
0.01283
0.01284
0.01285
0.01286
0.01286
0.01287
0.01288
0.01289
0.01290
0.01294
0.01296
0.01297
0.01298
0.01299
0.01300
0.01303
0.01304
0.01304
0.01304
0.01304
0.01307
0.01309
0.01309
0.01309
0.01310
0.01310
0.01311
0.01311
0.01311
0.01314
0.01317
0.01318
0.01319
0.01321
0.01322
0.01323
0.01323
0.01326
0.01326
0.01327
0.01328
0.01330
0.01330
0.01331
0.01332
0.01332
0.01333
0.01334
0.01335
0.01335
0.01337
0.01337
0.01338
0.01341
0.01342
0.01343
0.01346
0.01346
0.01346
0.01347
0.01348
0.01348
0.01348
0.01349
0.01350
0.01351
0.01352
0.01354
0.01357
0.01358
0.01361
0.01362
0.01362
0.01363
0.01363
0.01364
0.01364
0.01365
0.01365
0.01365
0.01365
0.01366
0.01366
0.01367
0.01368
0.01368
0.01368
0.01369
0.01373
0.01373
0.01374
0.01374
0.01374
0.01375
0.01375
0.01375
0.01375
0.01376
0.01377
0.01377
0.01377
0.01377
0.01378
0.01379
0.01379
0.01379
0.01380
0.01380
0.01382
0.01382
0.01383
0.01385
0.01387
0.01388
0.01388
0.01389
0.01391
0.01393
0.01396
0.01396
0.01397
0.01398
0.01400
0.01400
0.01401
0.01402
0.01402
0.01402
0.01404
0.01405
0.01406
0.01407
0.01410
0.01410
0.01410
0.01412
0.01412
0.01412
0.01413
0.01415
0.01415
0.01418
0.01420
0.01421
0.01421
0.01422
0.01423
0.01425
0.01425
0.01425
0.01426
0.01427
0.01427
0.01428
0.01428
0.01428
0.01428
0.01430
0.01431
0.01431
0.01431
0.01433
0.01433
0.01434
0.01435
0.01439
0.01442
0.01443
0.01443
0.01443
0.01444
0.01445
0.01446
0.01447
0.01447
0.01449
0.01450
0.01451
0.01453
0.01453
0.01454
0.01454
0.01454
0.01455
0.01455
0.01456
0.01456
0.01457
0.01458
0.01459
0.01459
0.01462
0.01463
0.01468
0.01469
0.01469
0.01469
0.01470
0.01470
0.01470
0.01471
0.01473
0.01473
0.01474
0.01475
0.01477
0.01478
0.01478
0.01478
0.01479
0.01480
0.01480
0.01482
0.01482
0.01483
0.01483
0.01485
0.01485
0.01487
0.01487
0.01487
0.01488
0.01489
0.01489
0.01490
0.01501
0.01502
0.01504
0.01506
0.01507
0.01507
0.01508
0.01508
0.01509
0.01511
0.01512
0.01512
0.01514
0.01514
0.01515
0.01515
0.01516
0.01518
0.01519
0.01520
0.01520
0.01521
0.01521
0.01523
0.01523
0.01523
0.01525
0.01526
0.01526
0.01527
0.01527
0.01528
0.01528
0.01528
0.01528
0.01533
0.01534
0.01534
0.01535
0.01537
0.01538
0.01539
0.01542
0.01543
0.01544
0.01546
0.01548
0.01548
0.01549
0.01550
0.01553
0.01553
0.01553
0.01556
0.01556
0.01557
0.01560
0.01561
0.01565
0.01565
0.01566
0.01568
0.01569
0.01570
0.01570
0.01572
0.01573
0.01574
0.01575
0.01575
0.01575
0.01576
0.01576
0.01576
0.01578
0.01578
0.01579
0.01580
0.01580
0.01580
0.01582
0.01582
0.01582
0.01582
0.01583
0.01583
0.01583
0.01584
0.01586
0.01586
0.01586
0.01587
0.01587
0.01588
0.01591
0.01592
0.01593
0.01593
0.01593
0.01594
0.01596
0.01596
0.01597
0.01597
0.01598
0.01600
0.01600
0.01602
0.01604
0.01604
0.01606
0.01607
0.01607
0.01607
0.01608
0.01608
0.01608
0.01609
0.01609
0.01609
0.01610
0.01610
0.01612
0.01614
0.01615
0.01616
0.01617
0.01617
0.01618
0.01619
0.01620
0.01624
0.01625
0.01626
0.01627
0.01628
0.01631
0.01631
0.01633
0.01634
0.01635
0.01635
0.01637
0.01638
0.01638
0.01641
0.01642
0.01642
0.01643
0.01645
0.01645
0.01645
0.01646
0.01647
0.01647
0.01648
0.01648
0.01650
0.01650
0.01650
0.01650
0.01651
0.01653
0.01653
0.01654
0.01654
0.01658
0.01660
0.01660
0.01661
0.01661
0.01661
0.01664
0.01665
0.01666
0.01667
0.01667
0.01668
0.01668
0.01672
0.01672
0.01672
0.01675
0.01675
0.01677
0.01677
0.01679
0.01679
0.01681
0.01681
0.01682
0.01683
0.01683
0.01683
0.01684
0.01684
0.01686
0.01687
0.01688
0.01688
0.01688
0.01690
0.01690
0.01691
0.01692
0.01692
0.01694
0.01695
0.01695
0.01696
0.01697
0.01699
0.01700
0.01700
0.01700
0.01702
0.01703
0.01703
0.01704
0.01705
0.01705
0.01705
0.01705
0.01706
0.01707
0.01708
0.01709
0.01709
0.01710
0.01710
0.01711
0.01713
0.01713
0.01714
0.01715
0.01717
0.01717
0.01718
0.01719
0.01725
0.01726
0.01727
0.01727
0.01727
0.01728
0.01728
0.01729
0.01731
0.01731
0.01731
0.01732
0.01733
0.01735
0.01735
0.01736
0.01736
0.01738
0.01738
0.01738
0.01738
0.01739
0.01742
0.01742
0.01744
0.01745
0.01745
0.01746
0.01746
0.01747
0.01747
0.01747
0.01748
0.01748
0.01749
0.01749
0.01750
0.01751
0.01751
0.01752
0.01752
0.01753
0.01757
0.01759
0.01759
0.01760
0.01763
0.01763
0.01767
0.01767
0.01772
0.01773
0.01775
0.01775
0.01776
0.01777
0.01778
0.01779
0.01780
0.01780
0.01781
0.01782
0.01786
0.01787
0.01790
0.01791
0.01792
0.01792
0.01792
0.01793
0.01793
0.01795
0.01799
0.01799
0.01799
0.01801
0.01804
0.01807
0.01809
0.01809
0.01811
0.01811
0.01812
0.01813
0.01815
0.01816
0.01816
0.01817
0.01817
0.01817
0.01817
0.01818
0.01819
0.01819
0.01819
0.01820
0.01822
0.01823
0.01824
0.01824
0.01825
0.01825
0.01826
0.01829
0.01829
0.01829
0.01830
0.01830
0.01830
0.01830
0.01831
0.01831
0.01832
0.01833
0.01835
0.01836
0.01836
0.01836
0.01837
0.01838
0.01841
0.01841
0.01842
0.01843
0.01845
0.01846
0.01848
0.01849
0.01850
0.01850
0.01853
0.01853
0.01854
0.01854
0.01856
0.01856
0.01856
0.01857
0.01859
0.01859
0.01863
0.01864
0.01865
0.01865
0.01866
0.01867
0.01869
0.01869
0.01870
0.01870
0.01878
0.01879
0.01880
0.01880
0.01881
0.01881
0.01882
0.01883
0.01883
0.01884
0.01884
0.01885
0.01885
0.01886
0.01887
0.01888
0.01888
0.01890
0.01890
0.01894
0.01894
0.01896
0.01896
0.01898
0.01899
0.01899
0.01899
0.01900
0.01900
0.01901
0.01902
0.01903
0.01904
0.01905
0.01906
0.01906
0.01907
0.01908
0.01908
0.01910
0.01910
0.01913
0.01913
0.01914
0.01914
0.01917
0.01919
0.01920
0.01921
0.01923
0.01926
0.01926
0.01926
0.01927
0.01927
0.01927
0.01929
0.01930
0.01932
0.01933
0.01933
0.01934
0.01935
0.01936
0.01939
0.01939
0.01940
0.01941
0.01941
0.01941
0.01942
0.01943
0.01943
0.01944
0.01948
0.01949
0.01949
0.01951
0.01953
0.01954
0.01955
0.01956
0.01957
0.01958
0.01958
0.01959
0.01960
0.01960
0.01962
0.01962
0.01963
0.01964
0.01965
0.01965
0.01966
0.01966
0.01966
0.01967
0.01970
0.01971
0.01972
0.01973
0.01973
0.01973
0.01975
0.01975
0.01976
0.01977
0.01978
0.01980
0.01981
0.01983
0.01984
0.01985
0.01986
0.01987
0.01987
0.01989
0.01991
0.01991
0.01992
0.01992
0.01994
0.01994
0.01995
0.01995
0.01997
0.01998
0.01998
0.01998
0.01998
0.02000
0.02000
0.02001
0.02003
0.02003
0.02003
0.02004
0.02004
0.02004
0.02005
0.02006
0.02006
0.02006
0.02008
0.02008
0.02009
0.02011
0.02011
0.02011
0.02012
0.02013
0.02014
0.02014
0.02019
0.02019
0.02019
0.02020
0.02021
0.02022
0.02023
0.02023
0.02023
0.02023
0.02024
0.02025
0.02029
0.02029
0.02029
0.02032
0.02033
0.02033
0.02033
0.02036
0.02036
0.02038
0.02038
0.02039
0.02039
0.02040
0.02044
0.02046
0.02049
0.02052
0.02053
0.02053
0.02055
0.02061
0.02061
0.02061
0.02062
0.02063
0.02063
0.02063
0.02064
0.02064
0.02065
0.02065
0.02066
0.02068
0.02068
0.02070
0.02071
0.02072
0.02073
0.02074
0.02074
0.02079
0.02080
0.02080
0.02083
0.02085
0.02086
0.02086
0.02086
0.02087
0.02089
0.02089
0.02090
0.02092
0.02093
0.02097
0.02098
0.02098
0.02101
0.02102
0.02102
0.02103
0.02103
0.02104
0.02105
0.02107
0.02108
0.02108
0.02109
0.02109
0.02109
0.02110
0.02113
0.02114
0.02116
0.02117
0.02117
0.02117
0.02118
0.02118
0.02119
0.02119
0.02121
0.02122
0.02123
0.02124
0.02124
0.02130
0.02130
0.02130
0.02131
0.02131
0.02132
0.02133
0.02133
0.02133
0.02133
0.02134
0.02136
0.02139
0.02141
0.02141
0.02142
0.02144
0.02145
0.02146
0.02146
0.02148
0.02150
0.02152
0.02157
0.02157
0.02157
0.02158
0.02163
0.02163
0.02165
0.02165
0.02166
0.02166
0.02166
0.02167
0.02167
0.02168
0.02168
0.02170
0.02170
0.02172
0.02172
0.02172
0.02174
0.02175
0.02175
0.02176
0.02177
0.02178
0.02178
0.02180
0.02180
0.02183
0.02183
0.02184
0.02184
0.02186
0.02186
0.02186
0.02187
0.02189
0.02191
0.02192
0.02193
0.02195
0.02196
0.02197
0.02198
0.02198
0.02199
0.02202
0.02202
0.02204
0.02205
0.02206
0.02207
0.02211
0.02212
0.02213
0.02213
0.02215
0.02215
0.02215
0.02216
0.02216
0.02217
0.02219
0.02221
0.02222
0.02222
0.02224
0.02225
0.02225
0.02229
0.02230
0.02230
0.02230
0.02231
0.02233
0.02233
0.02233
0.02236
0.02237
0.02238
0.02238
0.02238
0.02238
0.02238
0.02239
0.02241
0.02242
0.02243
0.02244
0.02249
0.02249
0.02250
0.02252
0.02252
0.02254
0.02255
0.02257
0.02258
0.02259
0.02259
0.02261
0.02261
0.02262
0.02265
0.02267
0.02268
0.02268
0.02270
0.02271
0.02272
0.02273
0.02275
0.02276
0.02276
0.02278
0.02278
0.02278
0.02278
0.02278
0.02280
0.02280
0.02283
0.02283
0.02284
0.02286
0.02287
0.02287
0.02290
0.02294
0.02296
0.02296
0.02297
0.02297
0.02298
0.02298
0.02302
0.02303
0.02303
0.02305
0.02306
0.02306
0.02306
0.02307
0.02308
0.02311
0.02312
0.02313
0.02314
0.02314
0.02319
0.02319
0.02322
0.02323
0.02323
0.02324
0.02326
0.02327
0.02328
0.02332
0.02334
0.02335
0.02335
0.02336
0.02336
0.02339
0.02339
0.02340
0.02341
0.02341
0.02343
0.02343
0.02344
0.02344
0.02347
0.02347
0.02350
0.02350
0.02350
0.02352
0.02353
0.02354
0.02357
0.02358
0.02359
0.02362
0.02363
0.02364
0.02365
0.02365
0.02368
0.02369
0.02370
0.02371
0.02372
0.02375
0.02376
0.02378
0.02379
0.02381
0.02382
0.02383
0.02385
0.02389
0.02390
0.02392
0.02393
0.02395
0.02399
0.02402
0.02405
0.02407
0.02408
0.02410
0.02410
0.02411
0.02412
0.02413
0.02416
0.02417
0.02418
0.02418
0.02419
0.02421
0.02422
0.02423
0.02424
0.02425
0.02427
0.02428
0.02428
0.02428
0.02434
0.02435
0.02435
0.02437
0.02439
0.02440
0.02440
0.02441
0.02443
0.02447
0.02448
0.02448
0.02450
0.02452
0.02452
0.02453
0.02453
0.02458
0.02459
0.02459
0.02460
0.02460
0.02460
0.02461
0.02464
0.02465
0.02466
0.02466
0.02466
0.02467
0.02468
0.02471
0.02475
0.02475
0.02476
0.02477
0.02478
0.02478
0.02480
0.02481
0.02481
0.02482
0.02482
0.02482
0.02482
0.02485
0.02486
0.02491
0.02492
0.02493
0.02494
0.02496
0.02499
0.02499
0.02499
0.02500
0.02504
0.02506
0.02506
0.02508
0.02508
0.02511
0.02512
0.02515
0.02516
0.02516
0.02516
0.02519
0.02519
0.02519
0.02519
0.02521
0.02521
0.02522
0.02526
0.02528
0.02531
0.02534
0.02535
0.02537
0.02537
0.02541
0.02542
0.02545
0.02546
0.02547
0.02548
0.02549
0.02550
0.02550
0.02552
0.02557
0.02558
0.02559
0.02561
0.02562
0.02564
0.02566
0.02568
0.02570
0.02570
0.02571
0.02571
0.02571
0.02572
0.02572
0.02572
0.02573
0.02577
0.02578
0.02580
0.02580
0.02581
0.02582
0.02584
0.02586
0.02588
0.02588
0.02589
0.02600
0.02601
0.02603
0.02603
0.02605
0.02605
0.02607
0.02610
0.02610
0.02612
0.02618
0.02621
0.02622
0.02622
0.02624
0.02625
0.02629
0.02629
0.02630
0.02632
0.02634
0.02637
0.02638
0.02640
0.02642
0.02644
0.02644
0.02644
0.02645
0.02647
0.02648
0.02649
0.02652
0.02653
0.02664
0.02666
0.02666
0.02666
0.02667
0.02668
0.02670
0.02675
0.02677
0.02677
0.02678
0.02678
0.02679
0.02679
0.02680
0.02680
0.02681
0.02683
0.02684
0.02684
0.02687
0.02688
0.02689
0.02690
0.02690
0.02693
0.02693
0.02693
0.02695
0.02699
0.02700
0.02701
0.02701
0.02701
0.02701
0.02701
0.02703
0.02706
0.02707
0.02707
0.02708
0.02709
0.02709
0.02709
0.02711
0.02717
0.02718
0.02718
0.02721
0.02721
0.02723
0.02725
0.02726
0.02729
0.02731
0.02731
0.02731
0.02734
0.02734
0.02737
0.02738
0.02738
0.02740
0.02740
0.02741
0.02742
0.02742
0.02746
0.02746
0.02746
0.02746
0.02748
0.02749
0.02750
0.02755
0.02757
0.02759
0.02761
0.02762
0.02764
0.02764
0.02765
0.02766
0.02769
0.02769
0.02769
0.02770
0.02771
0.02771
0.02775
0.02776
0.02776
0.02776
0.02777
0.02777
0.02778
0.02779
0.02779
0.02780
0.02781
0.02785
0.02786
0.02787
0.02789
0.02789
0.02791
0.02794
0.02794
0.02795
0.02795
0.02798
0.02799
0.02799
0.02800
0.02801
0.02802
0.02802
0.02804
0.02806
0.02807
0.02807
0.02808
0.02810
0.02812
0.02812
0.02814
0.02815
0.02815
0.02816
0.02819
0.02820
0.02821
0.02822
0.02825
0.02825
0.02826
0.02828
0.02828
0.02828
0.02831
0.02835
0.02836
0.02838
0.02839
0.02840
0.02841
0.02842
0.02843
0.02843
0.02845
0.02849
0.02850
0.02852
0.02852
0.02853
0.02857
0.02857
0.02857
0.02857
0.02857
0.02860
0.02862
0.02865
0.02866
0.02869
0.02869
0.02870
0.02871
0.02872
0.02875
0.02876
0.02882
0.02882
0.02883
0.02884
0.02886
0.02887
0.02887
0.02889
0.02892
0.02893
0.02894
0.02894
0.02894
0.02895
0.02897
0.02898
0.02901
0.02902
0.02905
0.02906
0.02906
0.02908
0.02909
0.02911
0.02912
0.02913
0.02913
0.02914
0.02914
0.02914
0.02915
0.02917
0.02920
0.02920
0.02921
0.02922
0.02924
0.02924
0.02925
0.02928
0.02932
0.02932
0.02934
0.02936
0.02939
0.02940
0.02941
0.02943
0.02945
0.02947
0.02948
0.02948
0.02948
0.02950
0.02953
0.02953
0.02955
0.02956
0.02956
0.02957
0.02958
0.02959
0.02960
0.02963
0.02964
0.02965
0.02966
0.02967
0.02967
0.02967
0.02967
0.02970
0.02970
0.02970
0.02977
0.02978
0.02978
0.02980
0.02981
0.02981
0.02982
0.02983
0.02984
0.02986
0.02989
0.02989
0.02990
0.02992
0.02998
0.02999
0.02999
0.03000
0.03000
0.03000
0.03000
0.03000
0.03003
0.03007
0.03007
0.03007
0.03014
0.03014
0.03015
0.03018
0.03019
0.03019
0.03020
0.03020
0.03025
0.03026
0.03028
0.03028
0.03029
0.03032
0.03032
0.03032
0.03034
0.03034
0.03036
0.03037
0.03037
0.03041
0.03044
0.03044
0.03044
0.03045
0.03046
0.03048
0.03049
0.03050
0.03050
0.03050
0.03051
0.03053
0.03054
0.03054
0.03055
0.03061
0.03064
0.03068
0.03068
0.03069
0.03070
0.03070
0.03070
0.03071
0.03072
0.03073
0.03075
0.03075
0.03076
0.03076
0.03077
0.03079
0.03080
0.03082
0.03082
0.03083
0.03083
0.03085
0.03087
0.03091
0.03092
0.03096
0.03096
0.03099
0.03100
0.03101
0.03101
0.03103
0.03105
0.03106
0.03107
0.03107
0.03112
0.03112
0.03114
0.03117
0.03120
0.03121
0.03125
0.03126
0.03127
0.03130
0.03131
0.03132
0.03133
0.03133
0.03136
0.03143
0.03146
0.03147
0.03148
0.03149
0.03150
0.03153
0.03154
0.03154
0.03154
0.03155
0.03156
0.03156
0.03160
0.03161
0.03163
0.03164
0.03164
0.03167
0.03167
0.03169
0.03169
0.03171
0.03171
0.03172
0.03174
0.03175
0.03176
0.03179
0.03180
0.03180
0.03181
0.03182
0.03183
0.03183
0.03186
0.03190
0.03192
0.03192
0.03194
0.03194
0.03195
0.03196
0.03197
0.03198
0.03200
0.03201
0.03201
0.03201
0.03204
0.03205
0.03206
0.03206
0.03207
0.03207
0.03208
0.03212
0.03213
0.03213
0.03214
0.03214
0.03215
0.03215
0.03218
0.03221
0.03222
0.03223
0.03224
0.03225
0.03225
0.03227
0.03228
0.03229
0.03230
0.03231
0.03232
0.03232
0.03235
0.03236
0.03236
0.03239
0.03241
0.03243
0.03243
0.03244
0.03244
0.03245
0.03246
0.03248
0.03250
0.03250
0.03252
0.03253
0.03253
0.03253
0.03254
0.03256
0.03257
0.03258
0.03258
0.03258
0.03259
0.03259
0.03259
0.03260
0.03260
0.03260
0.03263
0.03267
0.03267
0.03268
0.03268
0.03269
0.03270
0.03270
0.03270
0.03272
0.03272
0.03272
0.03276
0.03276
0.03276
0.03276
0.03277
0.03280
0.03280
0.03280
0.03282
0.03283
0.03286
0.03289
0.03289
0.03290
0.03292
0.03294
0.03294
0.03295
0.03297
0.03297
0.03299
0.03302
0.03305
0.03306
0.03307
0.03307
0.03310
0.03312
0.03313
0.03313
0.03314
0.03315
0.03316
0.03318
0.03318
0.03318
0.03318
0.03321
0.03321
0.03321
0.03321
0.03324
0.03324
0.03325
0.03330
0.03332
0.03333
0.03334
0.03335
0.03335
0.03345
0.03350
0.03351
0.03351
0.03352
0.03353
0.03354
0.03355
0.03355
0.03355
0.03356
0.03359
0.03359
0.03360
0.03362
0.03362
0.03364
0.03366
0.03368
0.03370
0.03371
0.03371
0.03372
0.03372
0.03372
0.03373
0.03375
0.03377
0.03377
0.03379
0.03380
0.03381
0.03382
0.03384
0.03386
0.03388
0.03390
0.03394
0.03395
0.03397
0.03399
0.03399
0.03400
0.03400
0.03401
0.03402
0.03405
0.03405
0.03410
0.03416
0.03416
0.03416
0.03417
0.03418
0.03419
0.03419
0.03422
0.03422
0.03425
0.03428
0.03428
0.03428
0.03428
0.03429
0.03432
0.03433
0.03433
0.03435
0.03437
0.03437
0.03439
0.03441
0.03442
0.03444
0.03445
0.03447
0.03448
0.03449
0.03451
0.03451
0.03452
0.03453
0.03455
0.03457
0.03458
0.03458
0.03461
0.03462
0.03463
0.03465
0.03469
0.03471
0.03471
0.03472
0.03473
0.03473
0.03476
0.03477
0.03477
0.03483
0.03483
0.03484
0.03488
0.03488
0.03489
0.03490
0.03493
0.03493
0.03493
0.03493
0.03493
0.03494
0.03494
0.03495
0.03496
0.03496
0.03497
0.03499
0.03501
0.03504
0.03504
0.03506
0.03507
0.03508
0.03510
0.03512
0.03514
0.03516
0.03518
0.03519
0.03520
0.03520
0.03524
0.03524
0.03527
0.03527
0.03528
0.03529
0.03531
0.03534
0.03535
0.03538
0.03538
0.03538
0.03539
0.03540
0.03541
0.03547
0.03548
0.03548
0.03549
0.03549
0.03552
0.03557
0.03557
0.03558
0.03559
0.03560
0.03561
0.03562
0.03563
0.03564
0.03566
0.03568
0.03571
0.03572
0.03572
0.03573
0.03573
0.03574
0.03574
0.03575
0.03575
0.03576
0.03577
0.03580
0.03582
0.03583
0.03584
0.03585
0.03588
0.03589
0.03589
0.03590
0.03590
0.03596
0.03596
0.03598
0.03599
0.03601
0.03602
0.03603
0.03605
0.03609
0.03612
0.03612
0.03613
0.03614
0.03616
0.03620
0.03623
0.03623
0.03627
0.03629
0.03631
0.03633
0.03635
0.03638
0.03638
0.03639
0.03639
0.03640
0.03643
0.03644
0.03646
0.03648
0.03648
0.03649
0.03650
0.03652
0.03652
0.03653
0.03653
0.03656
0.03657
0.03662
0.03662
0.03664
0.03664
0.03665
0.03665
0.03666
0.03666
0.03668
0.03669
0.03669
0.03669
0.03671
0.03672
0.03673
0.03673
0.03676
0.03677
0.03677
0.03678
0.03684
0.03684
0.03684
0.03685
0.03686
0.03687
0.03687
0.03687
0.03689
0.03690
0.03690
0.03694
0.03698
0.03700
0.03702
0.03704
0.03706
0.03708
0.03709
0.03715
0.03715
0.03718
0.03718
0.03720
0.03721
0.03723
0.03724
0.03726
0.03728
0.03731
0.03735
0.03743
0.03744
0.03747
0.03748
0.03750
0.03752
0.03755
0.03756
0.03756
0.03756
0.03757
0.03759
0.03759
0.03759
0.03760
0.03762
0.03762
0.03763
0.03764
0.03765
0.03773
0.03774
0.03777
0.03777
0.03780
0.03780
0.03781
0.03783
0.03788
0.03789
0.03789
0.03790
0.03796
0.03798
0.03799
0.03799
0.03806
0.03807
0.03808
0.03809
0.03814
0.03818
0.03821
0.03826
0.03828
0.03830
0.03832
0.03832
0.03832
0.03837
0.03840
0.03844
0.03849
0.03852
0.03857
0.03859
0.03860
0.03863
0.03869
0.03871
0.03872
0.03874
0.03876
0.03876
0.03878
0.03884
0.03885
0.03888
0.03891
0.03892
0.03895
0.03897
0.03903
0.03906
0.03908
0.03910
0.03915
0.03919
0.03920
0.03923
0.03925
0.03925
0.03927
0.03929
0.03931
0.03932
0.03935
0.03938
0.03941
0.03941
0.03943
0.03944
0.03945
0.03946
0.03947
0.03947
0.03950
0.03951
0.03952
0.03955
0.03959
0.03959
0.03960
0.03961
0.03962
0.03962
0.03965
0.03965
0.03966
0.03970
0.03973
0.03975
0.03977
0.03978
0.03979
0.03982
0.03985
0.03986
0.03986
0.03988
0.03991
0.03994
0.03995
0.03995
0.04001
0.04005
0.04005
0.04006
0.04009
0.04010
0.04014
0.04014
0.04016
0.04018
0.04020
0.04021
0.04023
0.04024
0.04029
0.04030
0.04035
0.04037
0.04037
0.04041
0.04047
0.04047
0.04051
0.04052
0.04056
0.04060
0.04063
0.04066
0.04067
0.04068
0.04068
0.04070
0.04072
0.04074
0.04078
0.04078
0.04080
0.04081
0.04082
0.04083
0.04083
0.04091
0.04092
0.04094
0.04096
0.04100
0.04101
0.04105
0.04106
0.04108
0.04111
0.04123
0.04125
0.04130
0.04131
0.04132
0.04138
0.04138
0.04138
0.04138
0.04140
0.04140
0.04144
0.04150
0.04150
0.04152
0.04152
0.04153
0.04155
0.04160
0.04164
0.04169
0.04172
0.04174
0.04175
0.04176
0.04180
0.04185
0.04187
0.04189
0.04196
0.04198
0.04199
0.04202
0.04204
0.04205
0.04208
0.04210
0.04213
0.04221
0.04222
0.04226
0.04227
0.04235
0.04235
0.04235
0.04236
0.04239
0.04241
0.04242
0.04246
0.04247
0.04248
0.04248
0.04257
0.04258
0.04258
0.04259
0.04264
0.04264
0.04271
0.04272
0.04274
0.04275
0.04276
0.04277
0.04278
0.04283
0.04283
0.04287
0.04297
0.04297
0.04302
0.04302
0.04314
0.04315
0.04318
0.04318
0.04321
0.04322
0.04322
0.04326
0.04326
0.04332
0.04334
0.04334
0.04335
0.04338
0.04339
0.04341
0.04346
0.04351
0.04351
0.04358
0.04358
0.04358
0.04359
0.04359
0.04363
0.04364
0.04364
0.04366
0.04372
0.04375
0.04376
0.04377
0.04379
0.04379
0.04379
0.04385
0.04386
0.04386
0.04387
0.04388
0.04394
0.04395
0.04400
0.04400
0.04401
0.04403
0.04403
0.04405
0.04413
0.04415
0.04421
0.04423
0.04427
0.04428
0.04428
0.04428
0.04429
0.04430
0.04431
0.04432
0.04433
0.04435
0.04435
0.04441
0.04442
0.04443
0.04444
0.04444
0.04450
0.04452
0.04456
0.04457
0.04460
0.04461
0.04462
0.04469
0.04471
0.04471
0.04472
0.04473
0.04473
0.04480
0.04482
0.04484
0.04484
0.04485
0.04485
0.04490
0.04491
0.04492
0.04494
0.04494
0.04494
0.04495
0.04495
0.04498
0.04499
0.04499
0.04501
0.04501
0.04501
0.04505
0.04506
0.04510
0.04510
0.04513
0.04524
0.04525
0.04527
0.04529
0.04534
0.04535
0.04537
0.04537
0.04538
0.04539
0.04543
0.04544
0.04550
0.04550
0.04551
0.04553
0.04556
0.04556
0.04560
0.04563
0.04564
0.04564
0.04566
0.04571
0.04575
0.04577
0.04578
0.04581
0.04583
0.04588
0.04589
0.04590
0.04591
0.04594
0.04600
0.04604
0.04609
0.04612
0.04613
0.04613
0.04616
0.04622
0.04625
0.04625
0.04626
0.04627
0.04627
0.04627
0.04629
0.04630
0.04633
0.04633
0.04637
0.04640
0.04642
0.04643
0.04644
0.04645
0.04649
0.04651
0.04653
0.04655
0.04657
0.04662
0.04662
0.04675
0.04676
0.04680
0.04682
0.04683
0.04683
0.04683
0.04687
0.04692
0.04695
0.04696
0.04697
0.04703
0.04703
0.04704
0.04705
0.04706
0.04714
0.04714
0.04717
0.04720
0.04721
0.04722
0.04727
0.04729
0.04731
0.04739
0.04739
0.04739
0.04740
0.04742
0.04743
0.04743
0.04746
0.04747
0.04750
0.04751
0.04752
0.04754
0.04755
0.04757
0.04758
0.04758
0.04758
0.04759
0.04760
0.04763
0.04763
0.04764
0.04765
0.04768
0.04769
0.04771
0.04774
0.04774
0.04775
0.04777
0.04779
0.04780
0.04781
0.04785
0.04786
0.04789
0.04794
0.04796
0.04796
0.04799
0.04802
0.04804
0.04808
0.04809
0.04813
0.04814
0.04819
0.04820
0.04820
0.04821
0.04823
0.04830
0.04830
0.04831
0.04833
0.04837
0.04838
0.04843
0.04844
0.04846
0.04847
0.04848
0.04852
0.04853
0.04855
0.04857
0.04861
0.04865
0.04872
0.04874
0.04878
0.04889
0.04890
0.04891
0.04896
0.04897
0.04907
0.04912
0.04915
0.04915
0.04925
0.04927
0.04929
0.04933
0.04939
0.04940
0.04942
0.04948
0.04950
0.04950
0.04951
0.04951
0.04960
0.04962
0.04966
0.04966
0.04966
0.04968
0.04972
0.04977
0.04979
0.04981
0.04981
0.04986
0.04989
0.04990
0.04991
0.04993
0.04994
0.04998
0.04999
0.05000
0.05007
0.05011
0.05011
0.05020
0.05027
0.05029
0.05034
0.05040
0.05041
0.05046
0.05053
0.05061
0.05065
0.05066
0.05067
0.05072
0.05075
0.05076
0.05077
0.05079
0.05081
0.05082
0.05087
0.05088
0.05088
0.05099
0.05101
0.05105
0.05105
0.05106
0.05106
0.05110
0.05112
0.05114
0.05117
0.05119
0.05119
0.05122
0.05125
0.05125
0.05130
0.05131
0.05131
0.05132
0.05132
0.05134
0.05134
0.05134
0.05135
0.05139
0.05139
0.05140
0.05141
0.05142
0.05148
0.05149
0.05150
0.05150
0.05152
0.05153
0.05158
0.05158
0.05158
0.05159
0.05160
0.05164
0.05170
0.05170
0.05173
0.05174
0.05176
0.05178
0.05179
0.05180
0.05183
0.05186
0.05194
0.05195
0.05198
0.05201
0.05202
0.05210
0.05212
0.05218
0.05220
0.05220
0.05220
0.05221
0.05225
0.05229
0.05231
0.05232
0.05235
0.05239
0.05243
0.05243
0.05244
0.05245
0.05248
0.05248
0.05248
0.05254
0.05255
0.05255
0.05259
0.05265
0.05266
0.05269
0.05269
0.05273
0.05277
0.05280
0.05282
0.05283
0.05285
0.05289
0.05291
0.05291
0.05292
0.05296
0.05302
0.05304
0.05307
0.05312
0.05313
0.05315
0.05315
0.05320
0.05323
0.05326
0.05328
0.05335
0.05335
0.05338
0.05339
0.05343
0.05343
0.05344
0.05345
0.05348
0.05351
0.05352
0.05354
0.05357
0.05359
0.05359
0.05359
0.05361
0.05364
0.05369
0.05371
0.05373
0.05374
0.05379
0.05384
0.05387
0.05391
0.05396
0.05396
0.05397
0.05401
0.05403
0.05404
0.05409
0.05410
0.05414
0.05414
0.05416
0.05419
0.05420
0.05420
0.05420
0.05435
0.05444
0.05444
0.05445
0.05450
0.05452
0.05455
0.05455
0.05456
0.05457
0.05457
0.05458
0.05471
0.05472
0.05492
0.05493
0.05494
0.05499
0.05509
0.05511
0.05511
0.05519
0.05519
0.05519
0.05528
0.05530
0.05532
0.05534
0.05539
0.05540
0.05541
0.05544
0.05545
0.05549
0.05550
0.05551
0.05560
0.05560
0.05563
0.05564
0.05569
0.05570
0.05571
0.05571
0.05577
0.05583
0.05583
0.05584
0.05584
0.05587
0.05592
0.05593
0.05593
0.05597
0.05598
0.05606
0.05607
0.05612
0.05612
0.05613
0.05618
0.05620
0.05622
0.05623
0.05626
0.05632
0.05642
0.05644
0.05648
0.05648
0.05654
0.05656
0.05661
0.05662
0.05667
0.05668
0.05676
0.05681
0.05692
0.05702
0.05704
0.05705
0.05707
0.05707
0.05715
0.05720
0.05721
0.05726
0.05729
0.05743
0.05748
0.05751
0.05768
0.05768
0.05772
0.05776
0.05776
0.05777
0.05783
0.05783
0.05791
0.05792
0.05792
0.05796
0.05806
0.05806
0.05807
0.05808
0.05817
0.05819
0.05821
0.05828
0.05829
0.05834
0.05837
0.05842
0.05842
0.05845
0.05847
0.05848
0.05852
0.05859
0.05860
0.05862
0.05863
0.05876
0.05880
0.05887
0.05888
0.05889
0.05895
0.05900
0.05907
0.05911
0.05914
0.05917
0.05922
0.05927
0.05927
0.05928
0.05929
0.05931
0.05940
0.05943
0.05943
0.05956
0.05957
0.05959
0.05969
0.05969
0.05971
0.05972
0.05974
0.05986
0.05987
0.05989
0.05998
0.05998
0.06003
0.06017
0.06018
0.06023
0.06025
0.06026
0.06027
0.06032
0.06034
0.06039
0.06041
0.06044
0.06050
0.06052
0.06054
0.06055
0.06058
0.06067
0.06068
0.06073
0.06073
0.06075
0.06076
0.06081
0.06082
0.06083
0.06084
0.06085
0.06094
0.06096
0.06099
0.06100
0.06103
0.06104
0.06105
0.06108
0.06110
0.06110
0.06115
0.06115
0.06123
0.06124
0.06124
0.06130
0.06135
0.06135
0.06137
0.06146
0.06150
0.06151
0.06152
0.06155
0.06159
0.06165
0.06170
0.06171
0.06174
0.06176
0.06176
0.06189
0.06192
0.06200
0.06208
0.06209
0.06213
0.06226
0.06228
0.06229
0.06232
0.06238
0.06241
0.06251
0.06251
0.06251
0.06258
0.06260
0.06266
0.06269
0.06270
0.06279
0.06288
0.06290
0.06290
0.06293
0.06294
0.06297
0.06298
0.06299
0.06308
0.06309
0.06321
0.06326
0.06328
0.06330
0.06335
0.06337
0.06337
0.06348
0.06349
0.06356
0.06358
0.06361
0.06368
0.06374
0.06381
0.06389
0.06391
0.06394
0.06400
0.06412
0.06412
0.06415
0.06422
0.06425
0.06432
0.06432
0.06437
0.06437
0.06439
0.06439
0.06445
0.06449
0.06452
0.06452
0.06456
0.06465
0.06465
0.06466
0.06468
0.06468
0.06472
0.06475
0.06479
0.06490
0.06499
0.06503
0.06508
0.06512
0.06513
0.06513
0.06514
0.06519
0.06526
0.06526
0.06528
0.06531
0.06532
0.06542
0.06551
0.06555
0.06555
0.06557
0.06559
0.06561
0.06561
0.06562
0.06571
0.06572
0.06572
0.06581
0.06590
0.06591
0.06594
0.06597
0.06600
0.06600
0.06604
0.06610
0.06615
0.06616
0.06617
0.06618
0.06620
0.06626
0.06629
0.06629
0.06635
0.06638
0.06643
0.06646
0.06655
0.06661
0.06665
0.06665
0.06666
0.06670
0.06681
0.06684
0.06685
0.06689
0.06690
0.06694
0.06701
0.06703
0.06709
0.06709
0.06715
0.06717
0.06720
0.06721
0.06726
0.06729
0.06730
0.06732
0.06732
0.06734
0.06740
0.06744
0.06751
0.06754
0.06757
0.06759
0.06761
0.06762
0.06766
0.06769
0.06772
0.06777
0.06778
0.06785
0.06790
0.06792
0.06804
0.06805
0.06809
0.06813
0.06818
0.06832
0.06844
0.06844
0.06846
0.06849
0.06853
0.06861
0.06861
0.06862
0.06864
0.06866
0.06870
0.06874
0.06876
0.06878
0.06881
0.06884
0.06884
0.06886
0.06888
0.06894
0.06897
0.06898
0.06899
0.06903
0.06904
0.06907
0.06917
0.06918
0.06918
0.06919
0.06924
0.06926
0.06927
0.06929
0.06931
0.06935
0.06939
0.06960
0.06961
0.06964
0.06979
0.06986
0.06992
0.06994
0.06996
0.07000
0.07002
0.07002
0.07005
0.07011
0.07013
0.07015
0.07015
0.07025
0.07030
0.07044
0.07046
0.07049
0.07050
0.07055
0.07059
0.07065
0.07066
0.07071
0.07072
0.07074
0.07078
0.07079
0.07083
0.07084
0.07094
0.07103
0.07105
0.07108
0.07108
0.07110
0.07117
0.07124
0.07127
0.07133
0.07134
0.07138
0.07140
0.07140
0.07154
0.07156
0.07160
0.07161
0.07166
0.07172
0.07176
0.07183
0.07184
0.07189
0.07190
0.07193
0.07195
0.07197
0.07199
0.07199
0.07204
0.07208
0.07213
0.07214
0.07215
0.07218
0.07224
0.07224
0.07226
0.07232
0.07232
0.07239
0.07244
0.07250
0.07258
0.07258
0.07261
0.07265
0.07265
0.07266
0.07272
0.07278
0.07281
0.07289
0.07289
0.07302
0.07319
0.07322
0.07322
0.07329
0.07329
0.07330
0.07335
0.07336
0.07337
0.07339
0.07350
0.07352
0.07353
0.07355
0.07356
0.07356
0.07366
0.07367
0.07368
0.07371
0.07375
0.07375
0.07376
0.07379
0.07379
0.07381
0.07382
0.07386
0.07393
0.07394
0.07403
0.07404
0.07406
0.07407
0.07408
0.07408
0.07411
0.07413
0.07413
0.07416
0.07417
0.07420
0.07421
0.07421
0.07422
0.07422
0.07426
0.07426
0.07434
0.07436
0.07437
0.07439
0.07443
0.07444
0.07450
0.07450
0.07456
0.07462
0.07462
0.07467
0.07471
0.07480
0.07481
0.07485
0.07486
0.07487
0.07497
0.07501
0.07503
0.07514
0.07516
0.07523
0.07528
0.07528
0.07529
0.07530
0.07530
0.07533
0.07551
0.07555
0.07561
0.07568
0.07571
0.07577
0.07584
0.07586
0.07590
0.07592
0.07596
0.07596
0.07611
0.07614
0.07617
0.07628
0.07631
0.07639
0.07641
0.07645
0.07645
0.07650
0.07659
0.07691
0.07694
0.07695
0.07708
0.07715
0.07726
0.07727
0.07733
0.07735
0.07736
0.07738
0.07743
0.07744
0.07746
0.07753
0.07756
0.07763
0.07769
0.07771
0.07782
0.07783
0.07784
0.07793
0.07801
0.07804
0.07817
0.07818
0.07823
0.07823
0.07829
0.07834
0.07839
0.07840
0.07843
0.07848
0.07851
0.07852
0.07853
0.07857
0.07857
0.07866
0.07867
0.07870
0.07876
0.07888
0.07899
0.07908
0.07916
0.07919
0.07923
0.07924
0.07924
0.07924
0.07933
0.07933
0.07934
0.07935
0.07939
0.07955
0.07956
0.07958
0.07960
0.07961
0.07962
0.07970
0.07972
0.07982
0.07985
0.07985
0.07991
0.07994
0.07996
0.08005
0.08010
0.08012
0.08013
0.08016
0.08018
0.08023
0.08025
0.08026
0.08030
0.08031
0.08036
0.08037
0.08037
0.08042
0.08042
0.08067
0.08075
0.08076
0.08082
0.08083
0.08089
0.08094
0.08096
0.08101
0.08103
0.08106
0.08113
0.08117
0.08118
0.08119
0.08126
0.08129
0.08130
0.08138
0.08151
0.08151
0.08153
0.08158
0.08165
0.08168
0.08172
0.08172
0.08173
0.08177
0.08177
0.08184
0.08187
0.08189
0.08196
0.08199
0.08200
0.08203
0.08213
0.08214
0.08214
0.08230
0.08256
0.08266
0.08283
0.08284
0.08284
0.08292
0.08309
0.08309
0.08310
0.08316
0.08328
0.08332
0.08339
0.08365
0.08370
0.08371
0.08377
0.08388
0.08398
0.08401
0.08403
0.08403
0.08412
0.08417
0.08422
0.08426
0.08432
0.08435
0.08436
0.08442
0.08446
0.08449
0.08452
0.08452
0.08459
0.08459
0.08471
0.08471
0.08480
0.08488
0.08498
0.08502
0.08503
0.08504
0.08505
0.08529
0.08536
0.08538
0.08546
0.08552
0.08581
0.08595
0.08595
0.08596
0.08601
0.08601
0.08602
0.08605
0.08616
0.08619
0.08622
0.08622
0.08633
0.08634
0.08636
0.08637
0.08639
0.08653
0.08663
0.08665
0.08667
0.08668
0.08671
0.08675
0.08697
0.08711
0.08719
0.08739
0.08740
0.08742
0.08743
0.08743
0.08745
0.08745
0.08750
0.08777
0.08777
0.08785
0.08801
0.08807
0.08809
0.08810
0.08816
0.08825
0.08827
0.08834
0.08848
0.08849
0.08854
0.08855
0.08859
0.08864
0.08870
0.08887
0.08887
0.08893
0.08897
0.08918
0.08921
0.08927
0.08927
0.08932
0.08938
0.08942
0.08953
0.08963
0.08965
0.08965
0.08974
0.08976
0.08976
0.08977
0.08987
0.08988
0.09005
0.09013
0.09036
0.09047
0.09050
0.09052
0.09054
0.09070
0.09086
0.09088
0.09089
0.09090
0.09093
0.09095
0.09097
0.09102
0.09105
0.09108
0.09115
0.09119
0.09126
0.09141
0.09144
0.09147
0.09163
0.09167
0.09177
0.09217
0.09219
0.09224
0.09229
0.09231
0.09236
0.09240
0.09241
0.09247
0.09257
0.09260
0.09264
0.09266
0.09275
0.09275
0.09279
0.09280
0.09285
0.09293
0.09295
0.09305
0.09313
0.09333
0.09334
0.09340
0.09349
0.09352
0.09356
0.09366
0.09369
0.09380
0.09388
0.09395
0.09402
0.09419
0.09422
0.09431
0.09434
0.09441
0.09446
0.09466
0.09475
0.09497
0.09497
0.09498
0.09511
0.09516
0.09536
0.09546
0.09552
0.09556
0.09558
0.09562
0.09566
0.09567
0.09578
0.09584
0.09591
0.09592
0.09601
0.09605
0.09610
0.09619
0.09619
0.09624
0.09629
0.09629
0.09632
0.09641
0.09650
0.09651
0.09658
0.09660
0.09662
0.09682
0.09683
0.09684
0.09684
0.09692
0.09694
0.09699
0.09709
0.09709
0.09711
0.09730
0.09732
0.09740
0.09741
0.09743
0.09747
0.09750
0.09757
0.09760
0.09764
0.09779
0.09788
0.09795
0.09801
0.09806
0.09813
0.09814
0.09818
0.09838
0.09839
0.09842
0.09870
0.09876
0.09877
0.09878
0.09891
0.09893
0.09895
0.09923
0.09928
0.09932
0.09942
0.09943
0.09956
0.09961
0.09962
0.09984
0.09998
0.10005
0.10019
0.10023
0.10031
0.10032
0.10053
0.10056
0.10059
0.10084
0.10111
0.10120
0.10122
0.10136
0.10147
0.10159
0.10163
0.10175
0.10176
0.10180
0.10201
0.10214
0.10225
0.10238
0.10239
0.10249
0.10260
0.10266
0.10274
0.10290
0.10294
0.10297
0.10297
0.10308
0.10309
0.10325
0.10330
0.10334
0.10336
0.10338
0.10349
0.10361
0.10366
0.10381
0.10382
0.10424
0.10428
0.10449
0.10451
0.10452
0.10473
0.10476
0.10480
0.10484
0.10487
0.10488
0.10490
0.10521
0.10523
0.10533
0.10538
0.10540
0.10548
0.10557
0.10566
0.10576
0.10578
0.10581
0.10585
0.10598
0.10601
0.10616
0.10627
0.10629
0.10631
0.10635
0.10643
0.10651
0.10665
0.10670
0.10670
0.10673
0.10681
0.10682
0.10701
0.10706
0.10706
0.10717
0.10722
0.10742
0.10760
0.10770
0.10772
0.10785
0.10787
0.10797
0.10799
0.10804
0.10814
0.10855
0.10873
0.10876
0.10879
0.10891
0.10894
0.10897
0.10902
0.10916
0.10918
0.10935
0.10940
0.10943
0.10955
0.10962
0.10963
0.11025
0.11053
0.11061
0.11063
0.11063
0.11066
0.11069
0.11092
0.11100
0.11105
0.11113
0.11119
0.11121
0.11122
0.11142
0.11143
0.11151
0.11159
0.11172
0.11174
0.11192
0.11210
0.11246
0.11267
0.11273
0.11287
0.11301
0.11314
0.11319
0.11326
0.11366
0.11378
0.11394
0.11412
0.11417
0.11429
0.11431
0.11431
0.11433
0.11436
0.11437
0.11439
0.11515
0.11548
0.11564
0.11575
0.11605
0.11618
0.11623
0.11624
0.11638
0.11644
0.11655
0.11657
0.11665
0.11704
0.11712
0.11734
0.11752
0.11757
0.11810
0.11830
0.11832
0.11840
0.11858
0.11881
0.11899
0.11904
0.11906
0.11965
0.11966
0.11981
0.11987
0.11989
0.12000
0.12047
0.12083
0.12086
0.12103
0.12103
0.12115
0.12121
0.12141
0.12145
0.12149
0.12149
0.12197
0.12214
0.12253
0.12261
0.12275
0.12276
0.12280
0.12297
0.12298
0.12324
0.12343
0.12349
0.12402
0.12434
0.12446
0.12468
0.12483
0.12512
0.12551
0.12567
0.12617
0.12618
0.12674
0.12675
0.12698
0.12698
0.12710
0.12713
0.12731
0.12733
0.12739
0.12742
0.12755
0.12759
0.12768
0.12836
0.12843
0.12877
0.12905
0.12919
0.12946
0.12964
0.12970
0.13015
0.13025
0.13026
0.13031
0.13065
0.13067
0.13081
0.13085
0.13106
0.13140
0.13166
0.13190
0.13273
0.13277
0.13333
0.13350
0.13374
0.13396
0.13445
0.13475
0.13498
0.13524
0.13528
0.13586
0.13592
0.13592
0.13593
0.13642
0.13743
0.13759
0.13789
0.13791
0.13817
0.13818
0.13819
0.13857
0.13862
0.13866
0.13868
0.13894
0.13903
0.13915
0.13997
0.14040
0.14104
0.14192
0.14231
0.14350
0.14389
0.14657
0.14673
0.14678
0.14679
0.14758
0.14869
0.14980
0.15012
0.15012
0.15062
0.15161
0.15323
0.15379
0.15500
0.15551
0.15584
0.15626
0.15657
0.15657
0.15716
0.15725
0.15775
0.15899
0.16023
0.16075
0.16129
0.16151
0.16349
0.16386
0.16466
0.16729
0.16750
0.16833
0.16833
0.16895
0.28550
0.28968
0.80193
0.90589
